%YAML:1.0
calibration_time: "06/05/11 15:56:59"
image_count: 15
image_width: 640
image_height: 480
board_width: 7
board_height: 6
square_size: 24.
flags: 0
camera_matrix: !!opencv-matrix
   rows: 3
   cols: 3
   dt: d
   data: [ 5.1560118378686639e+002, 0., 3.1992922684036512e+002, 0.,
       5.1562330359864052e+002, 2.3081679804076359e+002, 0., 0., 1. ]
distortion_coefficients: !!opencv-matrix
   rows: 1
   cols: 4
   dt: d
   data: [ 4.4185629552434991e-002, -1.3986584873308777e-001,
       -8.6908806061339371e-004, 2.0400200495365398e-003 ]
avg_reprojection_error: 1.6575018262106275e-001
per_view_reprojection_errors: !!opencv-matrix
   rows: 1
   cols: 15
   dt: d
   data: [ 2.3153359549386160e-001, 1.2503306070963541e-001,
       1.4169420514787948e-001, 1.4800008138020834e-001,
       1.4934957595098586e-001, 1.4621334984188988e-001,
       2.0352826799665177e-001, 1.5922473725818453e-001,
       1.4991251627604166e-001, 1.6699473063151041e-001,
       1.4804549444289433e-001, 1.6388847714378721e-001,
       2.4608285086495535e-001, 1.5042005266462052e-001,
       1.5633174351283483e-001 ]
