%YAML:1.0
MarkerSize:
   width: 381
   height: 188
MarkerOrigin:
   x: 156
   y: 87
WorldScale: 4.9000000953674316e-001
WorldAngle: 1.3735884428024292e+000
AverageDepth: 714.
KinectTransform: !!opencv-matrix
   rows: 4
   cols: 4
   dt: f
   data: [ 1.00271666e+000, -2.44621783e-002, -1.84128899e-002,
       2.20166595e+002, -2.48401556e-002, -1.00266361e+000,
       -2.06539966e-002, 1.99339172e+002, -1.78996995e-002,
       2.11003013e-002, -1.00280225e+000, 7.13329834e+002, 0., 0., 0.,
       1. ]
